%dataset = AIS
%begin description
%Data on 102 male and 100 female athletes collected at the Australian
%Institute of Sport, courtesy of Richard Telford and Ross Cunningham.
%end description
%begin variables
%Col 0 = Hc = Hematocrit
%Col 1 = Hg = Hemoglobin
%Col 2 = RCC = red cell count
%end variables
%begin data
%(
37.5 12.3 3.96 
38.2 12.7 4.41 
36.4 11.6 4.14 
37.3 12.6 4.11 
41.5 14 4.45 
37.4 12.5 4.1 
39.6 12.8 4.31 
39.9 13.2 4.42 
41.1 13.5 4.3 
41.6 12.7 4.51 
41.4 14 4.71 
43.8 14.7 4.62 
41.4 14.1 4.35 
41 13.9 4.26 
43.7 14.7 4.63 
40.3 13.3 4.36 
37.6 12.9 3.91 
43.7 14.7 4.51 
41.8 14.3 4.37 
44 14.5 4.9 
39.2 13 4.46 
36.9 12.5 3.95 
41.5 14.5 4.46 
44.8 15.2 5.02 
41.2 14.1 4.26 
41.1 14.3 4.46 
39.8 13.3 4.16 
41.8 14.4 4.49 
38.4 13.2 4.21 
42.8 14.5 4.57 
44.8 15 4.87 
42.7 14 4.44 
42.6 14.1 4.45 
41.1 13.5 4.41 
44.1 14.8 4.87 
42.2 13.6 4.56 
38 12.7 4.15 
37.5 12.3 4.16 
37.7 12.3 4.32 
38.7 12.8 4.06 
36.6 11.8 4.12 
37.4 12.7 4.17 
36.5 12.4 3.8 
36.3 12.4 3.96 
41.4 14.1 4.44 
37.7 12.5 4.27 
35.9 12.1 3.9 
37.7 12.7 4.02 
38.3 12.5 4.39 
38.8 13.1 4.52 
39.5 13.2 4.25 
39.7 13.7 4.46 
40.4 13.6 4.4 
41.8 13.4 4.83 
38.3 12.6 4.23 
37.6 12.5 4.24 
38.4 12.8 3.95 
37.7 13 4.03 
41.4 13.8 4.36 
39.5 13.3 4.07 
38.9 12.9 4.17 
38.2 12.7 4.23 
42.2 14.4 4.46 
42 14 4.38 
41.1 13.9 4.31 
40.9 14 4.51 
39.7 13.1 4.13 
36.5 13.3 4.48 
47.1 15.9 5.31 
42.1 14.7 4.58 
42.7 15.3 4.81 
39.7 14.3 4.51 
40.6 14.6 4.77 
47 15 5.33 
43.8 15.2 4.75 
38.7 12.4 4.11 
42.9 13.4 4.76 
44.1 14.7 4.27 
42.6 13.9 4.44 
39.1 13 4.2 
43.5 13.8 4.71 
40.1 13.2 4.09 
38.2 12.6 4.24 
38.9 13.5 3.9 
43.2 14.4 4.82 
40.6 13.7 4.32 
43.3 14.8 4.77 
45.3 14.7 5.16 
44.7 14.2 4.97 
36.6 12 4 
40.8 13.9 4.4 
39.8 13.5 4.38 
37.8 12.1 4.08 
44.8 14.8 4.98 
44.3 14.5 5.16 
40.9 13.9 4.66 
39 13.4 4.19 
40.7 14 4.53 
36 12.5 4.09 
42.8 14.5 4.42 
46.8 15.9 5.13 
45.2 15.2 4.83 
46.6 15.9 5.09 
44.9 15 5.17 
46.1 15.6 5.11 
45.1 15.2 5.03 
47.5 16.3 5.32 
45.5 15.2 4.75 
48.6 16.5 5.34 
44.9 15.4 4.87 
47.8 16.1 5.33 
45.2 15.3 4.81 
41.6 14 4.32 
43.8 15 4.87 
44 14.8 5.04 
42.5 14.5 4.4 
45.4 15.5 4.95 
43 14.7 4.78 
44.5 15.4 5.21 
47.5 16.2 5.22 
45.4 14.9 5.18 
49.5 17.3 5.4 
46.2 15.8 4.92 
46.5 15.5 5.24 
44.9 14.8 5.09 
43.8 15.1 4.83 
46.6 15.7 5.22 
45.5 15.6 4.71 
46.6 15.9 5.24 
44.4 15.6 4.54 
46.1 15.9 5.13 
45.3 15.7 5 
47.9 16.4 5.17 
41.6 14.4 4.89 
40.7 13.7 4.5 
46.3 15.9 4.84 
40.3 13.5 4.13 
43.5 15 4.87 
44.3 14.8 4.82 
42.8 14.9 4.73 
42.6 14.4 4.55 
43.6 14 4.71 
46.2 15.1 4.93 
47.5 16.5 5.21 
46.3 15.4 5.09 
48.2 16.7 5.11 
45.7 15.5 4.94 
45.8 16.1 4.87 
44.2 15 4.41 
44.9 15.4 4.86 
46.3 15.4 4.91 
45.2 15.8 4.93 
41.2 14.3 4.2 
45.3 14.9 5.1 
42.2 14.7 4.5 
45.5 15.6 4.89 
44.1 15.2 5.13 
45.6 15.5 4.88 
46.8 14.7 5 
49.4 18 5.48 
49.1 16.1 5.93 
46 15.9 5.01 
48.2 16.3 5.48 
44.4 15.5 5.16 
42.9 14.9 4.64 
59.7 19.2 6.72 
43.8 14.3 4.83 
48.3 16.2 5.34 
45.3 16.8 5.13 
43 14.8 4.68 
45.1 15.1 5 
41.4 14.9 4.99 
47.7 15.9 5.49 
49.7 17.2 5.59 
44.7 15.9 5.03 
48.1 16.5 5.5 
45.4 15.8 5.11 
45.3 15.7 4.96 
46 15.9 5.01 
46.5 16.3 5.11 
50.5 18.5 5.69 
42.1 14.4 4.63 
45 15.2 4.91 
44.5 15 4.95 
46.8 16.2 5.34 
47.6 15.6 5.16 
48 16.2 5.29 
43.6 14.8 5.02 
46.5 15.8 5.01 
43.6 14.4 5.03 
47.3 15.8 5.25 
46.3 15.6 5.08 
45.9 15 5.04 
44.8 15 4.63 
47.7 15.8 5.11 
49.8 17.2 5.34 
46.9 15.8 4.86 
45.6 16 4.9 
50.2 17.7 5.66 
42.7 14.3 5.03 
43 14.9 4.97 
46 15.7 5.38 
%)
