%Col 0 = 4Above
%Col 1 = 4Below
%Col 2 = 6Above
%Col 3 = 6Below
%Col 4 = root4A = Power transform of 4Above
%Col 5 = root4B = Power transform of 4Below
%Col 6 = root6A = Power transform of 6Above
%Col 7 = root6B = Power transform of 6Below
20 26 17 29 4.47214 5.09902 4.12311 5.38516 
36 11 59 6 6 3.31662 7.68115 2.44949 
43 10 45 2 6.55744 3.16228 6.7082 1.41421 
18 30 12 33 4.24264 5.47723 3.4641 5.74456 
25 23 30 23 5 4.79583 5.47723 4.79583 
4 52 2 54 2 7.2111 1.41421 7.34847 
11 38 15 35 3.31662 6.16441 3.87298 5.91608 
8 38 27 16 2.82843 6.16441 5.19615 4 
53 5 50 13 7.28011 2.23607 7.07107 3.60555 
27 21 31 7 5.19615 4.58258 5.56776 2.64575 
27 28 13 18 5.19615 5.2915 3.60555 4.24264 
31 14 26 20 5.56776 3.74166 5.09902 4.47214 
23 19 18 25 4.79583 4.3589 4.24264 5 
15 26 16 27 3.87298 5.09902 4 5.19615 
23 25 30 13 4.79583 5 5.47723 3.60555 
17 28 26 19 4.12311 5.2915 5.09902 4.3589 
33 18 32 23 5.74456 4.24264 5.65685 4.79583 
46 14 33 24 6.78233 3.74166 5.74456 4.89898 
36 11 42 14 6 3.31662 6.48074 3.74166 
15 31 10 45 3.87298 5.56776 3.16228 6.7082 
16 16 3 51 4 4 1.73205 7.14143 
11 21 13 21 3.31662 4.58258 3.60555 4.58258 
15 32 6 42 3.87298 5.65685 2.44949 6.48074 
13 38 7 37 3.60555 6.16441 2.64575 6.08276 
6 36 4 43 2.44949 6 2 6.55744 
28 11 29 13 5.2915 3.31662 5.38516 3.60555 
23 30 12 28 4.79583 5.47723 3.4641 5.2915 
30 19 28 5 5.47723 4.3589 5.2915 2.23607 
12 20 4 35 3.4641 4.47214 2 5.91608 
27 13 32 10 5.19615 3.60555 5.65685 3.16228 
36 11 35 6 6 3.31662 5.91608 2.44949 
51 11 57 2 7.14143 3.31662 7.54983 1.41421 
31 19 49 4 5.56776 4.3589 7 2 
23 28 19 28 4.79583 5.2915 4.3589 5.2915 
20 32 17 34 4.47214 5.65685 4.12311 5.83095 
23 26 28 9 4.79583 5.09902 5.2915 3 
22 33 14 41 4.69042 5.74456 3.74166 6.40312 
10 29 12 26 3.16228 5.38516 3.4641 5.09902 
33 11 7 50 5.74456 3.31662 2.64575 7.07107 
13 49 14 45 3.60555 7 3.74166 6.7082 
62 7 54 4 7.87401 2.64575 7.34847 2 
20 21 18 28 4.47214 4.58258 4.24264 5.2915 
44 12 35 11 6.63325 3.4641 5.91608 3.31662 
26 20 28 15 5.09902 4.47214 5.2915 3.87298 
37 24 39 17 6.08276 4.89898 6.245 4.12311 
36 8 33 10 6 2.82843 5.74456 3.16228 
14 17 42 6 3.74166 4.12311 6.48074 2.44949 
27 20 16 27 5.19615 4.47214 4 5.19615 
45 9 28 17 6.7082 3 5.2915 4.12311 
4 35 16 24 2 5.91608 4 4.89898 
11 27 16 28 3.31662 5.19615 4 5.2915 
19 32 25 23 4.3589 5.65685 5 4.79583 
13 29 13 31 3.60555 5.38516 3.60555 5.56776 
14 25 14 14 3.74166 5 3.74166 3.74166 
32 14 30 25 5.65685 3.74166 5.47723 5 
25 15 34 6 5 3.87298 5.83095 2.44949 
19 23 27 32 4.3589 4.79583 5.19615 5.65685 
35 17 33 17 5.91608 4.12311 5.74456 4.12311 
15 19 19 19 3.87298 4.3589 4.3589 4.3589 
20 16 35 6 4.47214 4 5.91608 2.44949 
17 17 15 26 4.12311 4.12311 3.87298 5.09902 
17 30 1 50 4.12311 5.47723 1 7.07107 
44 8 20 19 6.63325 2.82843 4.47214 4.3589
