ts
$dim
[1] 8

$VBeforeAfter
           [,1]       [,2]
[1,] 75.4253317 75.2804801
[2,]  8.2469024  8.1909258
[3,]  5.0101357  4.9396350
[4,]  3.1347210  3.0331060
[5,]  2.6423185  2.5393965
[6,]  1.3662860  1.3095780
[7,]  1.1593986  1.1077703
[8,]  0.9081276  0.8564102

$TruthTable
             0         1
[1,] 0.5198413 0.4801587
[2,] 0.3242188 0.6757812

tc
$dim
[1] 51

$TruthTable
             0         1
[1,] 0.6626984 0.3373016
[2,] 0.2187500 0.7812500

ts+tc
$dim
[1] 48

$TruthTable
             0         1
[1,] 0.6269841 0.3730159
[2,] 0.2148438 0.7851562

full
$dim
[1] 51

$TruthTable
             0         1
[1,] 0.6349206 0.3650794
[2,] 0.2109375 0.7890625