ts_scaled
$dim
[1] 5

$VBeforeAfter
          [,1]      [,2]
[1,] 75.425332 75.247015
[2,]  8.246902  8.157464
[3,]  5.010136  4.906151
[4,]  3.134721  2.999507
[5,]  2.642319  2.505687

$TruthTable
            0        1
[1,] 0.484127 0.515873
[2,] 0.296875 0.703125

tc_scaled
$dim
[1] 37

$TruthTable
             0         1
[1,] 0.6388889 0.3611111
[2,] 0.2460938 0.7539062

tstc_scaled
$dim
[1] 32

$TruthTable
             0         1
[1,] 0.6269841 0.3730159
[2,] 0.2460938 0.7539062

full_scaled
dim = 34
$TruthTable
             0         1
[1,] 0.6349206 0.3650794
[2,] 0.2265625 0.7734375